3089
3102
3103
12304
12305
12307
12362
12364
12373
12376
12378
12379
12380
12384
12385
12386
12387
12389
12392
12393
12394
12395
12396
12397
12398
12399
12400
12401
12402
12403
12405
12406
12407
12512
12513
12514
12515
12518
12526
13192
13193
13195
13220
13223
13236
49226
49269
49270
49271
49272
49274
49275
49276
49278
49279
49464
49465
49467
49469
49471
49489
49509
49510
49553
49562
49564
49566
49567
49617
49618
50066
50067
50076
50077
50079
50100
50101
50103
50108
50109
50111
52885
52886
52887
52889
197012
197015
197882
198008
198009
198011
198044
198476
200258
211152
211828
211829
787632
787633
788162
788173
790592
790595
791248
843904
843906
843907
847248
847251
847326
3152228
3152231
3162374
3164288
3167248
3167250
3167251
3167456
3172048
3172050
12601664
12660004
12660006
13556004
13556007
50408672
50435684
50442272
50442448
50640080
50679352
50749952
54055488
54055744
54055745
202560116
202717280
202717283
203011280
216896100
807076376
807076408
810869126
864891960
864891962
864891963
3228316816
3228316880
3240965344
3240965346
12963860864
12973914688
12973914944
51653069092
51653069108
51653069109
51653069111
51653070104
51653070105
51653070107
51653070136
51653070138
51653070139
51855445556
55352822016
55352823040
55352823041
55352823043
206611552640
206611552641
206611552643
206611553152
206611553154
206611553155
207582635044
207582635046
207582635060
826449105508
826449105510
826449105511
826449105524
826449105525
826449105527
829687095520
829687095522
885645152308
3305784976384
3305784976386
3305784976387
3305784980480
3305784980481
3305784980483
3318748381568
3321322160756
3321322160759
3542580609168
3542580609171
13274993526278
13274993526286
13274993528372
13285288643030
13285288643936
13285288644064
14170322436681
14170322436952
14170322436984
