13211319402496 13213466886143
13213802430464 13213803479039
13214003757056 13214305746943
13214330912768 13214331174911
13214540627968 13215614369791
13221251514368 13221318623231
13221402509312 13221406703615
13221411946496 13221412208639
13221415092224 13221419286527
13221452840960 13221519949823
13223138951168 13223139213311
13223139344384 13223139360767
13223139368960 13223139369087
13223139369152 13223139369215
13223139401728 13223139401791
13223139401856 13223139401983
13223139868672 13223139885055
13223139905536 13223139905539
13223139905544 13223139905551
13223139921920 13223139921927
13223139921932 13223139921935
13223164116992 13223180894207
13223185088512 13223185350655
13223185678336 13223185682431
13223185687552 13223185687807
13223185688128 13223185688143
13223185688160 13223185688191
13223185688384 13223185688415
13223185688432 13223185688447
13223185691648 13223185692159
13223185692416 13223185692671
13223185940480 13223185944575
13223185946624 13223185947135
13223185947392 13223185947647
13223185954816 13223185955071
13223185955328 13223185955839
13223348666368 13223365443583
13225546481664 13226620223487
13226888658944 13227693965311
13227962400768 13228499271679
13263932751872 13263949529087
13263957917696 13263962111999
13263983083520 13263999860735
13267153977344 13271448944639
13271985815552 13271990009855
13273596428288 13274670170111
13274938605568 13274955382783
13274976354304 13274977402879
13274978451456 13274979500031
13274979762176 13274979827711
13274993131520 13274993393663
13274993524736 13274993525759
13274993526272 13274993526275
13274993526278 13274993526278
13274993526286 13274993526286
13274993528320 13274993528335
13274993528352 13274993528367
13274993528372 13274993528372
13274994049024 13274994053119
13274994057216 13274994061311
13274994062336 13274994062591
13275743911936 13276817653759
13277891395584 13278428266495
13278696701952 13278965137407
13279233572864 13279502008319
13279636226048 13279703334911
13279770443776 13280038879231
13284400955392 13284405149695
13284409344000 13284417732607
13284602281984 13284870717439
13285273370624 13285277564927
13285279662080 13285279727615
13285279760384 13285279776767
13285279858688 13285279924223
13285288050688 13285288312831
13285288640512 13285288641535
13285288642816 13285288642879
13285288642944 13285288643007
13285288643024 13285288643027
13285288643030 13285288643030
13285288643036 13285288643039
13285288643840 13285288643903
13285288643936 13285288643936
13285288644064 13285288644064
13285288902656 13285288903679
13285407588352 13286481330175
13288091942912 13288226160639
13288293269504 13288360378367
13288628813824 13289702555647
13289970991104 13290574970879
13290776297472 13293997522943
13297218748416 13301513715711
13301782151168 13302050586623
13302587457536 13303661199359
13303795417088 13303795679231
13304198070272 13304466505727
13304533614592 13304537808895
13304542003200 13304546197503
13304547246080 13304547311615
13304734941184 13305003376639
13305271812096 13318693584895
13318962020352 13319566000127
13319767326720 13331578486783
13434657701888 13438952669183
13439086886912 13439153995775
13439489540096 13440026411007
13441100152832 13442710765567
13442979201024 13443247636479
13448616345600 13449153216511
13449421651968 13451300700159
13451569135616 13451837571071
14158359691264 14158376468479
14158393245696 14158426800127
14164802142208 14166949625855
14168023367680 14169097109503
14170170851328 14170237960191
14170321846272 14170322108415
14170322436096 14170322436351
14170322436672 14170322436675
14170322436681 14170322436681
14170322436684 14170322436687
14170322436928 14170322436943
14170322436952 14170322436952
14170322436984 14170322436984
14170322698240 14170322698751
14170322699008 14170322699263
14170388955136 14170389479423
14170389872640 14170389889023
14170389905408 14170389938175
14194866913280 14195940655103
14196209090560 14197014396927
14197282832384 14197551267839
14198088138752 14199161880575
14212046782464 14213120524287
14214462701568 14214479478783
14214500450304 14214501498879
14214502809600 14214502875135
14214503596032 14214504644607
14214513033216 14214529810431
14215536443392 14215670661119
14215771324416 14215788101631
